0 arad 1 bucareste 2 craiova 3 dobreta 4 eforie 5 fagaras 6 giurgiu
 7 hirsova 8 iasi 9 lugoj 10 mehadia 11 neamt 11 oradea 13 pitesti
  14 rVicea 15 sibiu 16 timisoara 17 urziceni 18 vaslui 19 zerid
 

      __0____1____2____3____4____5____6____7____8_____9___10___11___12___13___14___15___16___17___18___19__
  0   |    |    |    |    |    |    |    |    |    |    |    |    |    |    |    |140 |118 |    |    |75  |
  1   |    |    |    |    |    |211 |90  |    |    |    |    |    |    |101 |    |    |    | 85 |    |    |
  2   |    |    |    | 120|    |    |    |    |    |    |    |    |    | 138|146 |    |    |    |    |    |
  3   |    |    | 120|    |    |    |    |    |    |    | 75 |    |    |    |    |    |    |    |    |    |
  4   |    |    |    |    |    |    |    |86  |    |    |    |    |    |    |    |    |    |    |    |    |
  5   |    | 211|    |    |    |    |    |    |    |    |    |    |    |    |    |99  |    |    |    |    |
  6   |    | 90 |    |    |    |    |    |    |    |    |    |    |    |    |    |    |    |    |    |    |
  7   |    |    |    |    |86  |    |    |    |    |    |    |    |    |    |    |    |    | 98 |    |    |
  8   |    |    |    |    |    |    |    |    |    |    |    | 87 |    |    |    |    |    |    | 92 |    |
  9   |    |    |    |    |    |    |    |    |    |    | 70 |    |    |    |    |    |111 |    |    |    |
  10  |    |    |    | 75 |    |    |    |    |    | 70 |    |    |    |    |    |    |    |    |    |    |
  11  |    |    |    |    |    |    |    |    | 87 |    |    |    |    |    |    |    |    |    |    |    |
  12  |    |    |    |    |    |    |    |    |    |    |    |    |    |    |    | 151|    |    |    | 71 |
  13  |    | 101|138 |    |    |    |    |    |    |    |    |    |    |    | 97 |    |    |    |    |    |
  14  |    |    | 146|    |    |    |    |    |    |    |    |    |    |  97|    | 80 |    |    |    |    |
  15  | 140|    |    |    |    | 99 |    |    |    |    |    |    | 151|    |80  |    |    |    |    |    |
  16  | 118|    |    |    |    |    |    |    |    |111 |    |    |    |    |    |    |    |    |    |    |
  17  |    | 85 |    |    |    |    |    | 98 |    |    |    |    |    |    |    |    |    |    | 142|    |
  18  |    |    |    |    |    |    |    |    | 92 |    |    |    |    |    |    |    |    | 142|    |    |
  19  |75  |    |    |    |    |    |    |    |    |    |    |    | 71 |    |    |    |    |    |    |    |	
  
	g to atual é o g do anterior mais o m do mesmo